          30
          31
          32
          33
          34
          35
          36
          37
          38
          39
          40
          41
          42
          43
          44
          45
          46
          47
          48
          49
          50
          74
          75
          76
          77
          78
          79
          80
          81
          82
          83
          84
          85
          86
          87
          88
          89
          90
          91
          92
          93
          94
          95
          96
          97
          98
         131
         132
         133
         134
         144
         145
         146
         147
         148
         149
         151
         152
         153
         154
         155
         156
         157
         158
         159
         160
         161
         162
         163
         164
         165
         166
         167
         168
         181
         182
         183
         184
         185
         186
         187
         188
         189
         190
         191
         192
         193
         194
         195
         196
         197
         198
         199
         200
         220
         221
         222
         223
         224
         225
         226
         227
         229
         230
         266
         267
         268
         269
         270
         271
         272
         273
         274
         275
         276
         277
         278
         279
         280
         281
         282
         283
         284
         285
         286
         287
         288
         289
         290
         291
         292
         293
         294
         295
         296
         297
         298
         299
         300
         306
         316
         317
         318
         319
         320
         321
         323
         324
         325
         326
         327
         328
         329
         330
         331
         332
         333
         334
         335
         336
         337
         338
         340
         341
         342
         343
         344
         345
         346
         348
         350
         354
         355
         357
         358
         360
         362
         371
         374
         375
         390
         403
         404
         405
         406
         407
         408
         409
         410
         411
         412
         413
         414
         415
         416
         417
         418
         419
         420
         421
         422
         423
         424
         425
         426
         429
         430
         432
         433
         434
         435
         436
         437
         438
         439
         442
         443
         456
         457
         458
         459
         460
         461
         462
         478
         479
         480
         481
         501
         502
         512
         513
         514
         515
         516
         517
         518
         519
         520
         521
         522
         523
         524
         525
         542
         548
         549
         550
         551
         552
         553
         554
         555
         556
         557
         558
         559
         560
         561
         562
         563
         564
         565
         566
         567
         568
         569
         570
         571
         572
         573
         603
         604
         606
         622
         625
         636
         647
         648
         649
         650
         651
         652
         653
         654
         655
         656
         657
         658
         660
         661
         662
         663
         664
         665
         666
         667
         670
         672
         673
         680
         681
         685
         687
         690
         691
         692
         693
         694
         695
         696
         697
         698
         699
         700
         703
         704
         705
         706
         707
         708
         709
         710
         712
         713
         717
         718
         719
         720
         721
         724
         725
         726
         727
         728
         729
         730
         732
         733
         734
         735
         736
         737
         739
         740
         741
         742
         743
         745
         747
         750
         751
         781
         798
         799
         800
         801
         802
         803
         805
         807
         810
         812
         813
         815
         816
         817
         818
         819
         820
         821
         822
         823
         824
         825
         826
         827
         828
         829
         830
         831
         832
         833
         843
         844
         845
         846
         850
         851
         852
         855
         856
         857
         858
         859
         860
         861
         864
         870
         901
         902
         903
         904
         905
         906
         907
         908
         909
         910
         917
         918
         919
         920
         921
         922
         923
         924
         925
         926
         927
         958
         959
         960
         961
         962
         963
         964
         965
         966
         967
         968
         969
         970
         971
         992
         993
         994
         995
         996
         997
         998
         999
        1000